Time window [min.], STEP_DOMAIN, START_UPPER, STEP_UPPER, START_LOWER, STEP_LOWER, day,dataInstance,checkAircraftBreakdownPeriod,checkAircraftCapacity,checkAircraftCreation,checkAircraftSwap,checkAirportCapacity,checkCancellationofCreatedRotation,checkFixedFlights,checkFlight,checkItinerary,checkPassengerReac,checkRotation,Cost [EURO],Solution time [sec.],totalDelay,totalCancel,newFlight,taxiFlight,species
901,60,3.00E+12,1.00E+11,40000,10000,20210321_2123,A03_6088570,0,0,0,0,0,0,0,0,4719,88,0,868443.25,26.24850774,1500,3,-1,-1,Default pincer speed
901,60,3.00E+12,1.00E+11,40000,10000,20210321_2123,A02_6088570,0,0,0,0,0,0,0,0,5547,0,0,204762.3,27.26775002,1260,0,-1,-1,Default pincer speed
901,60,3.00E+12,1.00E+11,40000,10000,20210321_2123,A07_6088590,0,0,0,0,0,0,0,0,4797,0,0,213290.75,29.00788522,1260,0,-1,-1,Default pincer speed
901,60,3.00E+12,1.00E+11,40000,10000,20210321_2123,XA01_DATA,0,0,0,0,0,0,0,0,4719,178,0,1368313,27.78433871,1500,8,-1,-1,Default pincer speed
901,60,3.00E+12,1.00E+11,40000,10000,20210321_2123,XA03_DATA,0,0,0,0,0,0,0,0,5482,403,0,1877251.15,28.35289073,1500,8,-1,-1,Default pincer speed
901,60,3.00E+12,1.00E+11,40000,10000,20210321_2123,A08_6088590,0,0,0,0,0,0,0,0,5482,90,0,1156623.45,29.52397609,1500,3,-1,-1,Default pincer speed
901,60,3.00E+12,1.00E+11,40000,10000,20210321_2123,A06_6088590,0,0,0,0,0,0,0,0,3877,0,0,35965.75,45.11985064,2580,0,-1,-1,Default pincer speed
901,60,3.00E+12,1.00E+11,40000,10000,20210321_2123,A01_6088570,0,0,0,0,0,0,0,0,5281,0,0,31352.85,45.07046628,2580,0,-1,-1,Default pincer speed
901,60,3.00E+12,1.00E+11,40000,10000,20210321_2125,A04_6088570,0,0,0,0,0,0,0,0,10963,354,0,449950.65,147.3757856,24180,1,-1,-1,Default pincer speed
901,60,3.00E+12,1.00E+11,40000,10000,20210321_2125,A09_6088590,0,0,0,0,0,0,0,0,9365,265,0,517139.8,146.6272066,24180,1,-1,-1,Default pincer speed
901,60,3.00E+12,1.00E+11,40000,10000,20210321_2132,B_06,0,0,0,0,0,0,0,0,13618,5474,0,20592662.65,543.4112599,15780,99,-1,-1,Default pincer speed
901,60,3.00E+12,1.00E+11,40000,10000,20210321_2128,X02_DATA,0,0,0,0,0,0,0,0,0,673,45,1901354.9,325.5033398,0,8,-1,-1,Default pincer speed
901,60,3.00E+12,1.00E+11,40000,10000,20210321_2145,B_01,0,0,0,0,0,0,0,0,14133,5645,0,17003379.9,621.0012872,15780,99,-1,-1,Default pincer speed
901,60,3.00E+12,1.00E+11,40000,10000,20210321_2141,X01_DATA,0,0,0,0,0,0,0,0,14865,673,45,2494568.9,380.4646959,42240,8,-1,-1,Default pincer speed
901,60,3.00E+12,1.00E+11,40000,10000,20210321_2141,X04_DATA,0,0,0,0,0,0,0,0,0,807,0,2610245.1,396.3239295,0,1,-1,-1,Default pincer speed
901,60,3.00E+12,1.00E+11,40000,10000,20210321_2149,B_08,0,0,0,0,0,0,0,0,13958,5608,0,20313346.15,854.6265225,16800,95,-1,-1,Default pincer speed
901,60,3.00E+12,1.00E+11,40000,10000,20210321_2149,XB01_DATA,0,0,0,0,0,0,0,0,16173,6905,57,19643490.15,846.1632645,19860,106,-1,-1,Default pincer speed
901,60,3.00E+12,1.00E+11,40000,10000,20210321_2149,B_03,0,0,0,0,0,0,0,0,14813,5555,0,16875549.05,857.4349275,16800,95,-1,-1,Default pincer speed
901,60,3.00E+12,1.00E+11,40000,10000,20210321_2149,XB03_DATA,0,0,0,0,0,0,0,0,15148,6955,103,25341882.95,868.1637776,19740,109,-1,-1,Default pincer speed
901,60,3.00E+12,1.00E+11,40000,10000,20210321_2144,X03_DATA,0,0,0,0,0,0,0,0,19792,1616,0,5514912.2,547.0699921,55860,9,-1,-1,Default pincer speed
901,60,3.00E+12,1.00E+11,40000,10000,20210321_2152,B_04,0,0,0,0,0,0,0,0,21103,7976,0,20282190.4,1078.75592,31140,127,-1,-1,Default pincer speed
901,60,3.00E+12,1.00E+11,40000,10000,20210321_2153,B_09,0,0,0,0,0,0,0,0,18208,8123,0,24421705.85,1101.913659,31140,127,-1,-1,Default pincer speed
901,60,3.00E+12,1.00E+11,40000,10000,20210321_2155,A05_6088570,0,0,0,0,0,0,0,0,17828,18986,0,17203890.35,1234.797695,91980,103,-1,-1,Default pincer speed
901,60,3.00E+12,1.00E+11,40000,10000,20210321_2155,XA04_DATA,0,0,0,0,0,0,0,0,17903,12921,46,20263984.1,1258.459612,102000,102,-1,-1,Default pincer speed
901,60,3.00E+12,1.00E+11,40000,10000,20210321_2155,A10_6088590,0,0,0,0,0,0,0,0,17137,14344,0,20249407.15,1260.988412,91980,103,-1,-1,Default pincer speed
901,60,3.00E+12,1.00E+11,40000,10000,20210321_2156,XA02_DATA,0,0,0,0,0,0,0,0,18182,16830,46,17213047.9,1265.770564,102000,102,-1,-1,Default pincer speed
901,60,3.00E+12,1.00E+11,40000,10000,20210321_2156,B_05,0,0,0,0,0,0,0,0,11586,34397,0,96433420.4,1268.27836,39780,367,-1,-1,Default pincer speed
901,60,3.00E+12,1.00E+11,40000,10000,20210321_2156,XB02_DATA,0,0,0,0,0,0,0,0,11161,34487,45,96444065.9,1287.377242,34440,369,-1,-1,Default pincer speed
901,60,3.00E+12,1.00E+11,40000,10000,20210321_2156,B_07,0,0,0,0,0,0,0,0,18021,11664,117,44826839.3,1293.613554,29640,209,-1,-1,Default pincer speed
901,60,3.00E+12,1.00E+11,40000,10000,20210321_2156,B_02,0,0,0,0,0,0,0,0,21508,12107,117,36990553.7,1303.615962,29640,209,-1,-1,Default pincer speed
901,60,3.00E+12,1.00E+11,40000,10000,20210321_2156,B_10,0,0,0,0,0,0,0,0,11178,34805,0,119849918.4,1318.582494,39780,367,-1,-1,Default pincer speed
901,60,3.00E+12,1.00E+11,40000,10000,20210321_2157,XB04_DATA,0,0,0,0,0,0,0,0,12538,36326,45,120861539.5,1321.1902,42720,395,-1,-1,Default pincer speed
901,60,3.00E+12,2.00E+11,40000,20000,20210323_2200,A08_6088590,0,0,0,0,0,0,0,0,5482,90,0,1156623.45,30.59997725,1500,3,-1,-1,Faster pincer
901,60,3.00E+12,2.00E+11,40000,20000,20210323_2201,A07_6088590,0,0,0,0,0,0,0,0,4797,0,0,213290.75,32.41148472,1260,0,-1,-1,Faster pincer
901,60,3.00E+12,2.00E+11,40000,20000,20210323_2201,XA03_DATA,0,0,0,0,0,0,0,0,5482,403,0,1877251.15,34.48823047,1500,8,-1,-1,Faster pincer
901,60,3.00E+12,2.00E+11,40000,20000,20210323_2201,A03_6088570,0,0,0,0,0,0,0,0,4719,88,0,868443.25,33.71917486,1500,3,-1,-1,Faster pincer
901,60,3.00E+12,2.00E+11,40000,20000,20210323_2201,XA01_DATA,0,0,0,0,0,0,0,0,4719,178,0,1368313,32.75050926,1500,8,-1,-1,Faster pincer
901,60,3.00E+12,2.00E+11,40000,20000,20210323_2201,A02_6088570,0,0,0,0,0,0,0,0,5547,0,0,204762.3,34.0261972,1260,0,-1,-1,Faster pincer
901,60,3.00E+12,2.00E+11,40000,20000,20210323_2201,A01_6088570,0,0,0,0,0,0,0,0,5281,0,0,31352.85,43.1879034,2580,0,-1,-1,Faster pincer
901,60,3.00E+12,2.00E+11,40000,20000,20210323_2201,A06_6088590,0,0,0,0,0,0,0,0,3877,0,0,35965.75,47.89480853,2580,0,-1,-1,Faster pincer
901,60,3.00E+12,2.00E+11,40000,20000,20210323_2202,A04_6088570,0,0,0,0,0,0,0,0,10963,354,0,449950.65,135.8468223,24180,1,-1,-1,Faster pincer
901,60,3.00E+12,2.00E+11,40000,20000,20210323_2202,A09_6088590,0,0,0,0,0,0,0,0,9365,265,0,517139.8,136.9604359,24180,1,-1,-1,Faster pincer
901,60,3.00E+12,2.00E+11,40000,20000,20210323_2207,X02_DATA,0,0,0,0,0,0,0,0,0,673,45,1901354.9,401.0662065,0,8,-1,-1,Faster pincer
901,60,3.00E+12,2.00E+11,40000,20000,20210323_2213,B_01,0,0,0,0,0,0,0,0,14558,6316,0,17665145.4,749.6622238,19380,108,-1,-1,Faster pincer
901,60,3.00E+12,2.00E+11,40000,20000,20210323_2213,B_06,0,0,0,0,0,0,0,0,13790,6236,0,21319413.05,786.9760635,19380,108,-1,-1,Faster pincer
901,60,3.00E+12,2.00E+11,40000,20000,20210323_2214,B_03,0,0,0,0,0,0,0,0,16428,6496,0,17421103.75,825.9544606,21360,103,-1,-1,Faster pincer
901,60,3.00E+12,2.00E+11,40000,20000,20210323_2208,X04_DATA,0,0,0,0,0,0,0,0,0,807,0,2610245.1,469.8411593,0,1,-1,-1,Faster pincer
901,60,3.00E+12,2.00E+11,40000,20000,20210323_2209,X01_DATA,0,0,0,0,0,0,0,0,14865,673,45,2494568.9,530.0878971,42240,8,-1,-1,Faster pincer
901,60,3.00E+12,2.00E+11,40000,20000,20210323_2215,B_08,0,0,0,0,0,0,0,0,14640,6776,0,21076305.95,890.2182853,21360,103,-1,-1,Faster pincer
901,60,3.00E+12,2.00E+11,40000,20000,20210323_2215,XB01_DATA,0,0,0,0,0,0,0,0,16173,6905,57,19643490.15,923.2917669,19860,106,-1,-1,Faster pincer
901,60,3.00E+12,2.00E+11,40000,20000,20210323_2216,XB03_DATA,0,0,0,0,0,0,0,0,15148,6955,103,25341882.95,942.1551311,19740,109,-1,-1,Faster pincer
901,60,3.00E+12,2.00E+11,40000,20000,20210323_2212,X03_DATA,0,0,0,0,0,0,0,0,19792,1616,0,5514912.2,706.5445526,55860,9,-1,-1,Faster pincer
901,60,3.00E+12,2.00E+11,40000,20000,20210323_2218,B_09,0,0,0,0,0,0,0,0,16848,7853,0,24340991.95,1070.838357,29040,127,-1,-1,Faster pincer
901,60,3.00E+12,2.00E+11,40000,20000,20210323_2219,XA04_DATA,0,0,0,0,0,0,0,0,20785,11807,46,19151296.85,1126.108519,108120,101,-1,-1,Faster pincer
901,60,3.00E+12,2.00E+11,40000,20000,20210323_2219,A10_6088590,0,0,0,0,0,0,0,0,18918,13182,0,18950488.7,1146.159515,95220,98,-1,-1,Faster pincer
901,60,3.00E+12,2.00E+11,40000,20000,20210323_2219,XA02_DATA,0,0,0,0,0,0,0,0,22578,13950,46,16093281.2,1144.079329,108120,101,-1,-1,Faster pincer
901,60,3.00E+12,2.00E+11,40000,20000,20210323_2219,B_04,0,0,0,0,0,0,0,0,19318,7661,0,20175389.2,1150.248193,29040,127,-1,-1,Faster pincer
901,60,3.00E+12,2.00E+11,40000,20000,20210323_2220,A05_6088570,0,0,0,0,0,0,0,0,21369,15996,0,15924844.15,1191.934028,95220,98,-1,-1,Faster pincer
901,60,3.00E+12,2.00E+11,40000,20000,20210323_2221,B_07,0,0,0,0,0,0,0,0,18021,11664,117,44826839.3,1262.430034,29640,209,-1,-1,Faster pincer
901,60,3.00E+12,2.00E+11,40000,20000,20210323_2222,XB04_DATA,0,0,0,0,0,0,0,0,11609,35336,45,118493071.4,1291.901853,38580,379,-1,-1,Faster pincer
901,60,3.00E+12,2.00E+11,40000,20000,20210323_2223,B_02,0,0,0,0,0,0,0,0,21508,12107,117,36990553.7,1374.594346,29640,209,-1,-1,Faster pincer
901,60,3.00E+12,2.00E+11,40000,20000,20210323_2238,B_05,0,0,0,0,0,0,0,0,10584,34442,0,95409339,2265.40787,36840,361,-1,-1,Faster pincer
901,60,3.00E+12,2.00E+11,40000,20000,20210323_2238,XB02_DATA,0,0,0,0,0,0,0,0,10159,34532,45,95415984.5,2311.161397,31500,364,-1,-1,Faster pincer
901,60,3.00E+12,2.00E+11,40000,20000,20210323_2239,B_10,0,0,0,0,0,0,0,0,11014,34399,0,118013125,2327.522605,36840,361,-1,-1,Faster pincer
961,60,3.00E+12,1.00E+11,40000,10000,20210321_2249,A02_6088570,0,0,0,0,0,0,0,0,5547,0,0,204762.3,151.7860448,1260,0,-1,-1,Default pincer speed
961,60,3.00E+12,1.00E+11,40000,10000,20210321_2249,A03_6088570,0,0,0,0,0,0,0,0,4719,88,0,868443.25,156.0422134,1500,3,-1,-1,Default pincer speed
961,60,3.00E+12,1.00E+11,40000,10000,20210321_2249,A07_6088590,0,0,0,0,0,0,0,0,4797,0,0,213290.75,142.6280017,1260,0,-1,-1,Default pincer speed
961,60,3.00E+12,1.00E+11,40000,10000,20210321_2249,XA03_DATA,0,0,0,0,0,0,0,0,5482,403,0,1877251.15,151.0213103,1500,8,-1,-1,Default pincer speed
961,60,3.00E+12,1.00E+11,40000,10000,20210321_2249,XA01_DATA,0,0,0,0,0,0,0,0,4719,178,0,1368313,137.3010945,1500,8,-1,-1,Default pincer speed
961,60,3.00E+12,1.00E+11,40000,10000,20210321_2250,A08_6088590,0,0,0,0,0,0,0,0,5482,90,0,1156623.45,137.5358233,1500,3,-1,-1,Default pincer speed
961,60,3.00E+12,1.00E+11,40000,10000,20210321_2250,A01_6088570,0,0,0,0,0,0,0,0,5281,0,0,31352.85,184.6632972,2580,0,-1,-1,Default pincer speed
961,60,3.00E+12,1.00E+11,40000,10000,20210321_2250,A06_6088590,0,0,0,0,0,0,0,0,3877,0,0,35965.75,168.6753831,2580,0,-1,-1,Default pincer speed
961,60,3.00E+12,1.00E+11,40000,10000,20210321_2253,A04_6088570,0,0,0,0,0,0,0,0,10963,354,0,449950.65,336.9383318,24180,1,-1,-1,Default pincer speed
961,60,3.00E+12,1.00E+11,40000,10000,20210321_2253,A09_6088590,0,0,0,0,0,0,0,0,9365,265,0,517139.8,338.4585602,24180,1,-1,-1,Default pincer speed
961,60,3.00E+12,1.00E+11,40000,10000,20210321_2301,B_01,0,0,0,0,0,0,0,0,14133,5645,0,17003379.9,838.9432545,15780,99,-1,-1,Default pincer speed
961,60,3.00E+12,1.00E+11,40000,10000,20210321_2302,B_06,0,0,0,0,0,0,0,0,13618,5474,0,20592662.65,918.5623538,15780,99,-1,-1,Default pincer speed
961,60,3.00E+12,1.00E+11,40000,10000,20210321_2259,X02_DATA,0,0,0,0,0,0,0,0,0,673,45,1901354.9,734.0550716,0,8,-1,-1,Default pincer speed
961,60,3.00E+12,1.00E+11,40000,10000,20210321_2300,X01_DATA,0,0,0,0,0,0,0,0,14865,673,45,2494568.9,772.1250803,42240,8,-1,-1,Default pincer speed
961,60,3.00E+12,1.00E+11,40000,10000,20210321_2306,B_08,0,0,0,0,0,0,0,0,14213,5338,0,20308031.35,1156.794152,17160,95,-1,-1,Default pincer speed
961,60,3.00E+12,1.00E+11,40000,10000,20210321_2306,B_03,0,0,0,0,0,0,0,0,15068,5555,0,16873008.95,1159.595796,17160,95,-1,-1,Default pincer speed
961,60,3.00E+12,1.00E+11,40000,10000,20210321_2302,X04_DATA,0,0,0,0,0,0,0,0,0,807,0,2610245.1,897.0355101,0,1,-1,-1,Default pincer speed
961,60,3.00E+12,1.00E+11,40000,10000,20210321_2308,XB03_DATA,0,0,0,0,0,0,0,0,15148,6955,103,25341882.95,1232.452539,19740,109,-1,-1,Default pincer speed
961,60,3.00E+12,1.00E+11,40000,10000,20210321_2308,XB01_DATA,0,0,0,0,0,0,0,0,16173,6905,57,19643490.15,1247.042206,19860,106,-1,-1,Default pincer speed
961,60,3.00E+12,1.00E+11,40000,10000,20210321_2308,B_09,0,0,0,0,0,0,0,0,16253,8754,0,24786779.25,1283.292376,31620,128,-1,-1,Default pincer speed
961,60,3.00E+12,1.00E+11,40000,10000,20210321_2309,B_04,0,0,0,0,0,0,0,0,18468,7710,0,20502079.35,1301.600832,31620,128,-1,-1,Default pincer speed
961,60,3.00E+12,1.00E+11,40000,10000,20210321_2305,X03_DATA,0,0,0,0,0,0,0,0,19707,1616,0,5520837.2,1092.84652,55860,9,-1,-1,Default pincer speed
961,60,3.00E+12,1.00E+11,40000,10000,20210321_2313,A05_6088570,0,0,0,0,0,0,0,0,23415,15850,0,15143457.75,1561.567581,109560,87,-1,-1,Default pincer speed
961,60,3.00E+12,1.00E+11,40000,10000,20210321_2313,A10_6088590,0,0,0,0,0,0,0,0,21369,11882,0,17619356.15,1573.478402,109560,87,-1,-1,Default pincer speed
961,60,3.00E+12,1.00E+11,40000,10000,20210321_2315,XA04_DATA,0,0,0,0,0,0,0,0,22210,13175,46,20308445.9,1671.21768,106920,101,-1,-1,Default pincer speed
961,60,3.00E+12,1.00E+11,40000,10000,20210321_2315,XA02_DATA,0,0,0,0,0,0,0,0,22218,18048,46,17393106.6,1687.158191,106920,101,-1,-1,Default pincer speed
961,60,3.00E+12,1.00E+11,40000,10000,20210321_2317,B_07,0,0,0,0,0,0,0,0,19126,11528,60,44314399.4,1807.911842,29760,206,-1,-1,Default pincer speed
961,60,3.00E+12,1.00E+11,40000,10000,20210321_2318,B_02,0,0,0,0,0,0,0,0,22443,12015,60,36489466.4,1847.624812,29760,206,-1,-1,Default pincer speed
961,60,3.00E+12,1.00E+11,40000,10000,20210321_2318,XB02_DATA,0,0,0,0,0,0,0,0,10826,33906,45,96342253.7,1859.738722,37020,383,-1,-1,Default pincer speed
961,60,3.00E+12,1.00E+11,40000,10000,20210321_2319,B_10,0,0,0,0,0,0,0,0,12115,34443,0,119696589,1943.176226,42060,382,-1,-1,Default pincer speed
961,60,3.00E+12,1.00E+11,40000,10000,20210321_2320,B_05,0,0,0,0,0,0,0,0,11846,33681,0,96322999.6,1943.271564,42060,382,-1,-1,Default pincer speed
961,60,3.00E+12,1.00E+11,40000,10000,20210321_2321,XB04_DATA,0,0,0,0,0,0,0,0,11690,36193,45,122004642.2,2038.112714,44520,402,-1,-1,Default pincer speed
961,60,3.00E+12,2.00E+11,40000,20000,20210324_1131,A03_6088570,0,0,0,0,0,0,0,0,4719,88,0,868443.25,13.5440011,1500,3,-1,-1,Faster pincer
961,60,3.00E+12,2.00E+11,40000,20000,20210324_1131,A07_6088590,0,0,0,0,0,0,0,0,4797,0,0,213290.75,21.72663832,1260,0,-1,-1,Faster pincer
961,60,3.00E+12,2.00E+11,40000,20000,20210324_1131,A02_6088570,0,0,0,0,0,0,0,0,5547,0,0,204762.3,21.59663081,1260,0,-1,-1,Faster pincer
961,60,3.00E+12,2.00E+11,40000,20000,20210324_1131,XA01_DATA,0,0,0,0,0,0,0,0,4719,178,0,1368313,21.5616293,1500,8,-1,-1,Faster pincer
961,60,3.00E+12,2.00E+11,40000,20000,20210324_1131,A08_6088590,0,0,0,0,0,0,0,0,5482,90,0,1156623.45,21.9126544,1500,3,-1,-1,Faster pincer
961,60,3.00E+12,2.00E+11,40000,20000,20210324_1131,XA03_DATA,0,0,0,0,0,0,0,0,5482,403,0,1877251.15,22.29667926,1500,8,-1,-1,Faster pincer
961,60,3.00E+12,2.00E+11,40000,20000,20210324_1131,A01_6088570,0,0,0,0,0,0,0,0,5281,0,0,31352.85,33.1654861,2580,0,-1,-1,Faster pincer
961,60,3.00E+12,2.00E+11,40000,20000,20210324_1131,A06_6088590,0,0,0,0,0,0,0,0,3877,0,0,35965.75,35.64967012,2580,0,-1,-1,Faster pincer
961,60,3.00E+12,2.00E+11,40000,20000,20210324_1133,A04_6088570,0,0,0,0,0,0,0,0,10963,354,0,449950.65,138.9883096,24180,1,-1,-1,Faster pincer
961,60,3.00E+12,2.00E+11,40000,20000,20210324_1133,A09_6088590,0,0,0,0,0,0,0,0,9365,265,0,517139.8,137.6702139,24180,1,-1,-1,Faster pincer
961,60,3.00E+12,2.00E+11,40000,20000,20210324_1136,X02_DATA,0,0,0,0,0,0,0,0,0,673,45,1901354.9,303.7000794,0,8,-1,-1,Faster pincer
961,60,3.00E+12,2.00E+11,40000,20000,20210324_1137,X01_DATA,0,0,0,0,0,0,0,0,14865,673,45,2494568.9,410.9508123,42240,8,-1,-1,Faster pincer
961,60,3.00E+12,2.00E+11,40000,20000,20210324_1137,X04_DATA,0,0,0,0,0,0,0,0,0,807,0,2610245.1,367.3630722,0,1,-1,-1,Faster pincer
961,60,3.00E+12,2.00E+11,40000,20000,20210324_1144,B_06,0,0,0,0,0,0,0,0,13790,6236,0,21319413.05,829.7988276,19380,108,-1,-1,Faster pincer
961,60,3.00E+12,2.00E+11,40000,20000,20210324_1145,XB01_DATA,0,0,0,0,0,0,0,0,18467,6907,57,19205925.7,872.2019618,26460,102,-1,-1,Faster pincer
961,60,3.00E+12,2.00E+11,40000,20000,20210324_1141,X03_DATA,0,0,0,0,0,0,0,0,19707,1616,0,5520837.2,619.1830871,55860,9,-1,-1,Faster pincer
961,60,3.00E+12,2.00E+11,40000,20000,20210324_1146,B_08,0,0,0,0,0,0,0,0,16000,7452,0,21650839.25,931.7279058,25620,106,-1,-1,Faster pincer
961,60,3.00E+12,2.00E+11,40000,20000,20210324_1147,B_09,0,0,0,0,0,0,0,0,16338,8755,0,24909124.55,975.5391483,33720,130,-1,-1,Faster pincer
961,60,3.00E+12,2.00E+11,40000,20000,20210324_1147,B_03,0,0,0,0,0,0,0,0,17957,6678,0,17977988.05,1011.494807,25620,106,-1,-1,Faster pincer
961,60,3.00E+12,2.00E+11,40000,20000,20210324_1147,B_01,0,0,0,0,0,0,0,0,14558,6316,0,17665145.4,1009.785682,19380,108,-1,-1,Faster pincer
961,60,3.00E+12,2.00E+11,40000,20000,20210324_1148,XB03_DATA,0,0,0,0,0,0,0,0,15148,6955,103,25341882.95,1040.603956,19740,109,-1,-1,Faster pincer
961,60,3.00E+12,2.00E+11,40000,20000,20210324_1149,B_04,0,0,0,0,0,0,0,0,18638,7934,0,20790126.05,1101.430516,33720,130,-1,-1,Faster pincer
961,60,3.00E+12,2.00E+11,40000,20000,20210324_1150,A05_6088570,0,0,0,0,0,0,0,0,23496,15894,0,15208085.85,1142.510622,104880,92,-1,-1,Faster pincer
961,60,3.00E+12,2.00E+11,40000,20000,20210324_1150,A10_6088590,0,0,0,0,0,0,0,0,21450,11744,0,17704516.65,1149.669152,104880,92,-1,-1,Faster pincer
961,60,3.00E+12,2.00E+11,40000,20000,20210324_1151,XA04_DATA,0,0,0,0,0,0,0,0,21955,13175,46,20251444.4,1215.907614,106320,101,-1,-1,Faster pincer
961,60,3.00E+12,2.00E+11,40000,20000,20210324_1151,B_07,0,0,0,0,0,0,0,0,19126,11528,60,44314399.4,1214.328494,29760,206,-1,-1,Faster pincer
961,60,3.00E+12,2.00E+11,40000,20000,20210324_1152,XA02_DATA,0,0,0,0,0,0,0,0,21793,18048,46,17390914.1,1283.24759,106320,101,-1,-1,Faster pincer
961,60,3.00E+12,2.00E+11,40000,20000,20210324_1152,XB04_DATA,0,0,0,0,0,0,0,0,14233,34946,45,118394243.4,1291.154175,52440,398,-1,-1,Faster pincer
961,60,3.00E+12,2.00E+11,40000,20000,20210324_1153,B_02,0,0,0,0,0,0,0,0,22443,12015,60,36489466.4,1361.941529,29760,206,-1,-1,Faster pincer
961,60,3.00E+12,2.00E+11,40000,20000,20210324_1153,B_10,0,0,0,0,0,0,0,0,12788,32975,0,116355729.6,1376.840909,45300,377,-1,-1,Faster pincer
961,60,3.00E+12,2.00E+11,40000,20000,20210324_1154,XB02_DATA,0,0,0,0,0,0,0,0,10155,33556,45,93974325,1389.893874,41880,379,-1,-1,Faster pincer
961,60,3.00E+12,2.00E+11,40000,20000,20210324_1154,B_05,0,0,0,0,0,0,0,0,11005,33109,0,93662234.7,1418.397978,45300,377,-1,-1,Faster pincer
1021,60,3.00E+12,1.00E+11,40000,10000,20210323_1513,A07_6088590,0,0,0,0,0,0,0,0,4797,0,0,213290.75,20.18963552,1260,0,-1,-1,Default pincer speed
1021,60,3.00E+12,1.00E+11,40000,10000,20210323_1513,A03_6088570,0,0,0,0,0,0,0,0,4719,88,0,868443.25,20.93473363,1500,3,-1,-1,Default pincer speed
1021,60,3.00E+12,1.00E+11,40000,10000,20210323_1513,A08_6088590,0,0,0,0,0,0,0,0,5482,90,0,1156623.45,21.20675588,1500,3,-1,-1,Default pincer speed
1021,60,3.00E+12,1.00E+11,40000,10000,20210323_1513,XA01_DATA,0,0,0,0,0,0,0,0,4719,178,0,1368313,21.17258406,1500,8,-1,-1,Default pincer speed
1021,60,3.00E+12,1.00E+11,40000,10000,20210323_1513,XA03_DATA,0,0,0,0,0,0,0,0,5482,403,0,1877251.15,18.27936864,1500,8,-1,-1,Default pincer speed
1021,60,3.00E+12,1.00E+11,40000,10000,20210323_1513,A02_6088570,0,0,0,0,0,0,0,0,5547,0,0,204762.3,21.5506134,1260,0,-1,-1,Default pincer speed
1021,60,3.00E+12,1.00E+11,40000,10000,20210323_1514,A01_6088570,0,0,0,0,0,0,0,0,5281,0,0,31352.85,36.69390011,2580,0,-1,-1,Default pincer speed
1021,60,3.00E+12,1.00E+11,40000,10000,20210323_1514,A06_6088590,0,0,0,0,0,0,0,0,3877,0,0,35965.75,35.81419444,2580,0,-1,-1,Default pincer speed
1021,60,3.00E+12,1.00E+11,40000,10000,20210323_1516,A04_6088570,0,0,0,0,0,0,0,0,10963,354,0,449950.65,157.7294693,24180,1,-1,-1,Default pincer speed
1021,60,3.00E+12,1.00E+11,40000,10000,20210323_1516,A09_6088590,0,0,0,0,0,0,0,0,9365,265,0,517139.8,158.9733939,24180,1,-1,-1,Default pincer speed
1021,60,3.00E+12,1.00E+11,40000,10000,20210323_1519,X02_DATA,0,0,0,0,0,0,0,0,0,673,45,1901354.9,338.9815609,0,8,-1,-1,Default pincer speed
1021,60,3.00E+12,1.00E+11,40000,10000,20210323_1520,X04_DATA,0,0,0,0,0,0,0,0,0,807,0,2610245.1,410.3916841,0,1,-1,-1,Default pincer speed
1021,60,3.00E+12,1.00E+11,40000,10000,20210323_1521,X01_DATA,0,0,0,0,0,0,0,0,14865,673,45,2480018.9,453.8524046,42240,8,-1,-1,Default pincer speed
1021,60,3.00E+12,1.00E+11,40000,10000,20210323_1527,XB01_DATA,0,0,0,0,0,0,0,0,19055,7850,57,19448551.9,866.2592678,29760,103,-1,-1,Default pincer speed
1021,60,3.00E+12,1.00E+11,40000,10000,20210323_1528,B_01,0,0,0,0,0,0,0,0,15231,6360,0,16582880.5,878.8267257,19980,94,-1,-1,Default pincer speed
1021,60,3.00E+12,1.00E+11,40000,10000,20210323_1523,X03_DATA,0,0,0,0,0,0,0,0,19962,1616,0,5525406.2,619.4571831,56460,9,-1,-1,Default pincer speed
1021,60,3.00E+12,1.00E+11,40000,10000,20210323_1528,B_08,0,0,0,0,0,0,0,0,15818,6680,0,20929492.2,904.2224057,22200,99,-1,-1,Default pincer speed
1021,60,3.00E+12,1.00E+11,40000,10000,20210323_1529,B_06,0,0,0,0,0,0,0,0,14628,5693,0,19678203.4,979.0787127,19980,94,-1,-1,Default pincer speed
1021,60,3.00E+12,1.00E+11,40000,10000,20210323_1530,B_03,0,0,0,0,0,0,0,0,16166,7168,0,17678534.15,1005.772241,22200,99,-1,-1,Default pincer speed
1021,60,3.00E+12,1.00E+11,40000,10000,20210323_1530,XB03_DATA,0,0,0,0,0,0,0,0,17093,7855,46,25337233.2,991.4951468,29880,109,-1,-1,Default pincer speed
1021,60,3.00E+12,1.00E+11,40000,10000,20210323_1532,B_04,0,0,0,0,0,0,0,0,22031,9415,0,20380647.75,1166.268259,37680,124,-1,-1,Default pincer speed
1021,60,3.00E+12,1.00E+11,40000,10000,20210323_1533,B_09,0,0,0,0,0,0,0,0,19131,9379,0,24446483.8,1177.085046,37680,124,-1,-1,Default pincer speed
1021,60,3.00E+12,1.00E+11,40000,10000,20210323_1534,B_02,0,0,0,0,0,0,0,0,21933,12103,60,36677402.4,1253.625247,29040,208,-1,-1,Default pincer speed
1021,60,3.00E+12,1.00E+11,40000,10000,20210323_1535,A05_6088570,0,0,0,0,0,0,0,0,24836,17106,0,15999714.5,1319.71267,128700,96,-1,-1,Default pincer speed
1021,60,3.00E+12,1.00E+11,40000,10000,20210323_1535,B_07,0,0,0,0,0,0,0,0,18871,11706,60,44735968.8,1302.557589,29040,208,-1,-1,Default pincer speed
1021,60,3.00E+12,1.00E+11,40000,10000,20210323_1535,XA04_DATA,0,0,0,0,0,0,0,0,21786,14299,46,22324200.6,1343.456855,117120,112,-1,-1,Default pincer speed
1021,60,3.00E+12,1.00E+11,40000,10000,20210323_1536,A10_6088590,0,0,0,0,0,0,0,0,24240,13533,0,19196691.9,1355.178503,128700,96,-1,-1,Default pincer speed
1021,60,3.00E+12,1.00E+11,40000,10000,20210323_1536,XA02_DATA,0,0,0,0,0,0,0,0,21878,19222,46,19181080.4,1373.574322,117120,112,-1,-1,Default pincer speed
1021,60,3.00E+12,1.00E+11,40000,10000,20210323_1538,B_10,0,0,0,0,0,0,0,0,15746,33723,0,118434483.7,1512.855496,64740,357,-1,-1,Default pincer speed
1021,60,3.00E+12,1.00E+11,40000,10000,20210323_1539,B_05,0,0,0,0,0,0,0,0,12352,34085,0,95690750.9,1530.373834,64740,357,-1,-1,Default pincer speed
1021,60,3.00E+12,1.00E+11,40000,10000,20210323_1539,XB04_DATA,0,0,0,0,0,0,0,0,16938,34928,45,119094035,1534.038588,68880,389,-1,-1,Default pincer speed
1021,60,3.00E+12,1.00E+11,40000,10000,20210323_1539,XB02_DATA,0,0,0,0,0,0,0,0,12097,34396,45,95974247.9,1577.851156,62040,359,-1,-1,Default pincer speed
1081,60,3.00E+12,1.00E+11,40000,10000,20210323_1555,A02_6088570,0,0,0,0,0,0,0,0,5547,0,0,204762.3,18.07135272,1260,0,-1,-1,Default pincer speed
1081,60,3.00E+12,1.00E+11,40000,10000,20210323_1555,A03_6088570,0,0,0,0,0,0,0,0,4719,88,0,868443.25,19.11442876,1500,3,-1,-1,Default pincer speed
1081,60,3.00E+12,1.00E+11,40000,10000,20210323_1555,XA01_DATA,0,0,0,0,0,0,0,0,4719,178,0,1368313,22.71211195,1500,8,-1,-1,Default pincer speed
1081,60,3.00E+12,1.00E+11,40000,10000,20210323_1555,XA03_DATA,0,0,0,0,0,0,0,0,5482,403,0,1877251.15,21.4687767,1500,8,-1,-1,Default pincer speed
1081,60,3.00E+12,1.00E+11,40000,10000,20210323_1555,A07_6088590,0,0,0,0,0,0,0,0,4797,0,0,213290.75,21.35776877,1260,0,-1,-1,Default pincer speed
1081,60,3.00E+12,1.00E+11,40000,10000,20210323_1555,A01_6088570,0,0,0,0,0,0,0,0,5281,0,0,31352.85,30.13524365,2580,0,-1,-1,Default pincer speed
1081,60,3.00E+12,1.00E+11,40000,10000,20210323_1555,A08_6088590,0,0,0,0,0,0,0,0,5482,90,0,1156623.45,23.3727262,1500,3,-1,-1,Default pincer speed
1081,60,3.00E+12,1.00E+11,40000,10000,20210323_1555,A06_6088590,0,0,0,0,0,0,0,0,3877,0,0,35965.75,36.37387991,2580,0,-1,-1,Default pincer speed
1081,60,3.00E+12,1.00E+11,40000,10000,20210323_1557,A04_6088570,0,0,0,0,0,0,0,0,10963,354,0,449950.65,156.5807436,24180,1,-1,-1,Default pincer speed
1081,60,3.00E+12,1.00E+11,40000,10000,20210323_1557,A09_6088590,0,0,0,0,0,0,0,0,9365,265,0,517139.8,166.4966509,24180,1,-1,-1,Default pincer speed
1081,60,3.00E+12,1.00E+11,40000,10000,20210323_1559,X02_DATA,0,0,0,0,0,0,0,0,0,673,45,1901354.9,285.3730099,0,8,-1,-1,Default pincer speed
1081,60,3.00E+12,1.00E+11,40000,10000,20210323_1601,X04_DATA,0,0,0,0,0,0,0,0,0,807,0,2610245.1,392.7176504,0,1,-1,-1,Default pincer speed
1081,60,3.00E+12,1.00E+11,40000,10000,20210323_1606,B_03,0,0,0,0,0,0,0,0,20417,8022,0,18481652.1,674.1614614,35040,101,-1,-1,Default pincer speed
1081,60,3.00E+12,1.00E+11,40000,10000,20210323_1606,B_08,0,0,0,0,0,0,0,0,17943,7445,0,21477335.65,714.9776309,35040,101,-1,-1,Default pincer speed
1081,60,3.00E+12,1.00E+11,40000,10000,20210323_1603,X03_DATA,0,0,0,0,0,0,0,0,19537,1616,0,5508849.2,487.3773465,56340,9,-1,-1,Default pincer speed
1081,60,3.00E+12,1.00E+11,40000,10000,20210323_1601,X01_DATA,0,0,0,0,0,0,0,0,14865,673,45,2487521.9,371.0679936,42240,8,-1,-1,Default pincer speed
1081,60,3.00E+12,1.00E+11,40000,10000,20210323_1609,B_09,0,0,0,0,0,0,0,0,19808,7948,0,22735433.05,854.013988,38880,117,-1,-1,Default pincer speed
1081,60,3.00E+12,1.00E+11,40000,10000,20210323_1609,B_06,0,0,0,0,0,0,0,0,15903,6594,0,20117658.25,856.8119311,26520,95,-1,-1,Default pincer speed
1081,60,3.00E+12,1.00E+11,40000,10000,20210323_1609,B_01,0,0,0,0,0,0,0,0,17188,7080,0,17224058.55,872.0057406,26520,95,-1,-1,Default pincer speed
1081,60,3.00E+12,1.00E+11,40000,10000,20210323_1609,B_04,0,0,0,0,0,0,0,0,21352,8248,0,19118226.45,909.6711962,38880,117,-1,-1,Default pincer speed
1081,60,3.00E+12,1.00E+11,40000,10000,20210323_1610,XB01_DATA,0,0,0,0,0,0,0,0,20502,7803,57,19620643.6,927.0671048,32220,103,-1,-1,Default pincer speed
1081,60,3.00E+12,1.00E+11,40000,10000,20210323_1611,XB03_DATA,0,0,0,0,0,0,0,0,17263,8036,103,24868027.65,996.2458224,30600,107,-1,-1,Default pincer speed
1081,60,3.00E+12,1.00E+11,40000,10000,20210323_1612,XA02_DATA,0,0,0,0,0,0,0,0,24348,17065,46,16804937.35,1058.745474,124680,102,-1,-1,Default pincer speed
1081,60,3.00E+12,1.00E+11,40000,10000,20210323_1613,XA04_DATA,0,0,0,0,0,0,0,0,23574,12579,46,19692790.35,1105.972223,124680,102,-1,-1,Default pincer speed
1081,60,3.00E+12,1.00E+11,40000,10000,20210323_1613,A05_6088570,0,0,0,0,0,0,0,0,25445,15550,0,14433590.65,1119.313066,143160,83,-1,-1,Default pincer speed
1081,60,3.00E+12,1.00E+11,40000,10000,20210323_1614,A10_6088590,0,0,0,0,0,0,0,0,26440,10813,0,17176327.25,1152.985894,143160,83,-1,-1,Default pincer speed
1081,60,3.00E+12,1.00E+11,40000,10000,20210323_1615,B_02,0,0,0,0,0,0,0,0,22188,11926,60,36252714.5,1237.000537,30120,206,-1,-1,Default pincer speed
1081,60,3.00E+12,1.00E+11,40000,10000,20210323_1615,B_07,0,0,0,0,0,0,0,0,18871,11438,60,44139021.2,1263.893543,30120,206,-1,-1,Default pincer speed
1081,60,3.00E+12,1.00E+11,40000,10000,20210323_1622,XB02_DATA,0,0,0,0,0,0,0,0,15052,34181,45,95067024.4,1652.615609,75780,366,-1,-1,Default pincer speed
1081,60,3.00E+12,1.00E+11,40000,10000,20210323_1622,B_05,0,0,0,0,0,0,0,0,14712,34227,0,94992483.9,1664.347773,73920,356,-1,-1,Default pincer speed
1081,60,3.00E+12,1.00E+11,40000,10000,20210323_1622,B_10,0,0,0,0,0,0,0,0,16839,34804,0,118188645,1676.588674,73920,356,-1,-1,Default pincer speed
1081,60,3.00E+12,1.00E+11,40000,10000,20210323_1622,XB04_DATA,0,0,0,0,0,0,0,0,18200,35874,45,118598208.8,1678.835868,87540,403,-1,-1,Default pincer speed
1141,60,3.00E+12,1.00E+11,40000,10000,20210323_1745,A03_6088570,0,0,0,0,0,0,0,0,4719,88,0,868443.25,18.67738056,1500,3,-1,-1,Default pincer speed
1141,60,3.00E+12,1.00E+11,40000,10000,20210323_1745,A02_6088570,0,0,0,0,0,0,0,0,5547,0,0,204762.3,19.02640867,1260,0,-1,-1,Default pincer speed
1141,60,3.00E+12,1.00E+11,40000,10000,20210323_1745,A07_6088590,0,0,0,0,0,0,0,0,4797,0,0,213290.75,20.38850737,1260,0,-1,-1,Default pincer speed
1141,60,3.00E+12,1.00E+11,40000,10000,20210323_1745,XA01_DATA,0,0,0,0,0,0,0,0,4719,178,0,1368313,17.96833301,1500,8,-1,-1,Default pincer speed
1141,60,3.00E+12,1.00E+11,40000,10000,20210323_1745,A08_6088590,0,0,0,0,0,0,0,0,5482,90,0,1156623.45,21.09155893,1500,3,-1,-1,Default pincer speed
1141,60,3.00E+12,1.00E+11,40000,10000,20210323_1745,XA03_DATA,0,0,0,0,0,0,0,0,5482,403,0,1877251.15,18.92639995,1500,8,-1,-1,Default pincer speed
1141,60,3.00E+12,1.00E+11,40000,10000,20210323_1746,A01_6088570,0,0,0,0,0,0,0,0,5281,0,0,31352.85,34.85160637,2580,0,-1,-1,Default pincer speed
1141,60,3.00E+12,1.00E+11,40000,10000,20210323_1746,A06_6088590,0,0,0,0,0,0,0,0,3877,0,0,35965.75,33.81353021,2580,0,-1,-1,Default pincer speed
1141,60,3.00E+12,1.00E+11,40000,10000,20210323_1748,A04_6088570,0,0,0,0,0,0,0,0,10963,354,0,449950.65,158.1358747,24180,1,-1,-1,Default pincer speed
1141,60,3.00E+12,1.00E+11,40000,10000,20210323_1748,A09_6088590,0,0,0,0,0,0,0,0,9365,265,0,517139.8,156.7247689,24180,1,-1,-1,Default pincer speed
1141,60,3.00E+12,1.00E+11,40000,10000,20210323_1752,X01_DATA,0,0,0,0,0,0,0,0,14865,673,45,2487521.9,416.1430857,42240,8,-1,-1,Default pincer speed
1141,60,3.00E+12,1.00E+11,40000,10000,20210323_1751,X02_DATA,0,0,0,0,0,0,0,0,0,673,45,1901354.9,346.6244349,0,8,-1,-1,Default pincer speed
1141,60,3.00E+12,1.00E+11,40000,10000,20210323_1753,X04_DATA,0,0,0,0,0,0,0,0,0,807,0,2610245.1,446.9563613,0,1,-1,-1,Default pincer speed
1141,60,3.00E+12,1.00E+11,40000,10000,20210323_1758,B_08,0,0,0,0,0,0,0,0,18028,7092,0,21270807.65,767.9254782,35940,101,-1,-1,Default pincer speed
1141,60,3.00E+12,1.00E+11,40000,10000,20210323_1759,B_03,0,0,0,0,0,0,0,0,20757,7713,0,18286579.7,804.069658,35940,101,-1,-1,Default pincer speed
1141,60,3.00E+12,1.00E+11,40000,10000,20210323_1754,X03_DATA,0,0,0,0,0,0,0,0,19537,1755,0,5510748.2,558.656672,56520,9,-1,-1,Default pincer speed
1141,60,3.00E+12,1.00E+11,40000,10000,20210323_1800,B_06,0,0,0,0,0,0,0,0,15988,5474,0,19857512.25,899.4934106,25020,96,-1,-1,Default pincer speed
1141,60,3.00E+12,1.00E+11,40000,10000,20210323_1800,XB03_DATA,0,0,0,0,0,0,0,0,18623,7811,103,24805727.95,885.8730333,31980,106,-1,-1,Default pincer speed
1141,60,3.00E+12,1.00E+11,40000,10000,20210323_1801,B_04,0,0,0,0,0,0,0,0,21267,8248,0,19291054.95,950.0098386,37980,117,-1,-1,Default pincer speed
1141,60,3.00E+12,1.00E+11,40000,10000,20210323_1801,B_01,0,0,0,0,0,0,0,0,16933,6094,0,16976934.05,959.8525681,25020,96,-1,-1,Default pincer speed
1141,60,3.00E+12,1.00E+11,40000,10000,20210323_1801,B_09,0,0,0,0,0,0,0,0,19553,7813,0,22936471.85,982.3982878,37980,117,-1,-1,Default pincer speed
1141,60,3.00E+12,1.00E+11,40000,10000,20210323_1802,XB01_DATA,0,0,0,0,0,0,0,0,20842,7625,57,19498958.4,990.1171954,33120,103,-1,-1,Default pincer speed
1141,60,3.00E+12,1.00E+11,40000,10000,20210323_1805,A05_6088570,0,0,0,0,0,0,0,0,28897,15249,0,14258916.35,1206.814151,147540,77,-1,-1,Default pincer speed
1141,60,3.00E+12,1.00E+11,40000,10000,20210323_1806,A10_6088590,0,0,0,0,0,0,0,0,27631,12289,0,17473708.1,1228.038212,147540,77,-1,-1,Default pincer speed
1141,60,3.00E+12,1.00E+11,40000,10000,20210323_1806,XA04_DATA,0,0,0,0,0,0,0,0,26373,15025,46,19855200.7,1227.535177,138240,99,-1,-1,Default pincer speed
1141,60,3.00E+12,1.00E+11,40000,10000,20210323_1806,XA02_DATA,0,0,0,0,0,0,0,0,26962,17456,46,16115770.3,1265.829359,138240,99,-1,-1,Default pincer speed
1141,60,3.00E+12,1.00E+11,40000,10000,20210323_1806,B_02,0,0,0,0,0,0,0,0,21848,12508,60,36127713.4,1264.793284,32160,204,-1,-1,Default pincer speed
1141,60,3.00E+12,1.00E+11,40000,10000,20210323_1807,B_07,0,0,0,0,0,0,0,0,18616,11887,60,43695034,1305.147831,32160,204,-1,-1,Default pincer speed
1141,60,3.00E+12,1.00E+11,40000,10000,20210323_1811,B_10,0,0,0,0,0,0,0,0,20655,35405,0,116311159.7,1564.400015,92400,364,-1,-1,Default pincer speed
1141,60,3.00E+12,1.00E+11,40000,10000,20210323_1812,B_05,0,0,0,0,0,0,0,0,17679,34556,0,93929588.8,1583.839464,92400,364,-1,-1,Default pincer speed
1141,60,3.00E+12,1.00E+11,40000,10000,20210323_1812,XB02_DATA,0,0,0,0,0,0,0,0,17509,35722,45,94549481.9,1593.152876,82020,367,-1,-1,Default pincer speed
1141,60,3.00E+12,1.00E+11,40000,10000,20210323_1812,XB04_DATA,0,0,0,0,0,0,0,0,21081,37468,45,118041647,1632.241706,86820,367,-1,-1,Default pincer speed
1201,60,3.00E+12,1.00E+11,40000,10000,20210323_1836,A02_6088570,0,0,0,0,0,0,0,0,5547,0,0,204762.3,18.3078804,1260,0,-1,-1,Default pincer speed
1201,60,3.00E+12,1.00E+11,40000,10000,20210323_1836,A03_6088570,0,0,0,0,0,0,0,0,4719,88,0,868443.25,19.47296906,1500,3,-1,-1,Default pincer speed
1201,60,3.00E+12,1.00E+11,40000,10000,20210323_1837,A07_6088590,0,0,0,0,0,0,0,0,4797,0,0,213290.75,20.08201361,1260,0,-1,-1,Default pincer speed
1201,60,3.00E+12,1.00E+11,40000,10000,20210323_1837,XA03_DATA,0,0,0,0,0,0,0,0,5482,403,0,1877251.15,22.81035995,1500,8,-1,-1,Default pincer speed
1201,60,3.00E+12,1.00E+11,40000,10000,20210323_1837,XA01_DATA,0,0,0,0,0,0,0,0,4719,178,0,1368313,23.67040467,1500,8,-1,-1,Default pincer speed
1201,60,3.00E+12,1.00E+11,40000,10000,20210323_1837,A08_6088590,0,0,0,0,0,0,0,0,5482,90,0,1156623.45,20.99321032,1500,3,-1,-1,Default pincer speed
1201,60,3.00E+12,1.00E+11,40000,10000,20210323_1837,A01_6088570,0,0,0,0,0,0,0,0,5281,0,0,31352.85,35.80053973,2580,0,-1,-1,Default pincer speed
1201,60,3.00E+12,1.00E+11,40000,10000,20210323_1837,A06_6088590,0,0,0,0,0,0,0,0,3877,0,0,35965.75,34.76346302,2580,0,-1,-1,Default pincer speed
1201,60,3.00E+12,1.00E+11,40000,10000,20210323_1839,A04_6088570,0,0,0,0,0,0,0,0,10963,354,0,449950.65,160.2379487,24180,1,-1,-1,Default pincer speed
1201,60,3.00E+12,1.00E+11,40000,10000,20210323_1839,A09_6088590,0,0,0,0,0,0,0,0,9365,265,0,517139.8,170.4607513,24180,1,-1,-1,Default pincer speed
1201,60,3.00E+12,1.00E+11,40000,10000,20210323_1842,X02_DATA,0,0,0,0,0,0,0,0,0,673,45,1901354.9,374.9175711,0,8,-1,-1,Default pincer speed
1201,60,3.00E+12,1.00E+11,40000,10000,20210323_1844,X01_DATA,0,0,0,0,0,0,0,0,14865,673,45,2487653.9,446.0513518,42240,8,-1,-1,Default pincer speed
1201,60,3.00E+12,1.00E+11,40000,10000,20210323_1849,B_08,0,0,0,0,0,0,0,0,17603,7370,0,21606507.25,777.6760347,32340,102,-1,-1,Default pincer speed
1201,60,3.00E+12,1.00E+11,40000,10000,20210323_1844,X04_DATA,0,0,0,0,0,0,0,0,0,807,0,2610245.1,474.9810231,0,1,-1,-1,Default pincer speed
1201,60,3.00E+12,1.00E+11,40000,10000,20210323_1851,B_03,0,0,0,0,0,0,0,0,19058,7493,0,18392901.6,878.7110941,32340,102,-1,-1,Default pincer speed
1201,60,3.00E+12,1.00E+11,40000,10000,20210323_1852,B_01,0,0,0,0,0,0,0,0,17273,7090,0,17555330.85,937.4958432,25200,101,-1,-1,Default pincer speed
1201,60,3.00E+12,1.00E+11,40000,10000,20210323_1848,X03_DATA,0,0,0,0,0,0,0,0,19537,1848,0,5512299.2,683.0321517,56340,9,-1,-1,Default pincer speed
1201,60,3.00E+12,1.00E+11,40000,10000,20210323_1852,B_06,0,0,0,0,0,0,0,0,16243,6383,0,20501129.15,953.8177729,25200,101,-1,-1,Default pincer speed
1201,60,3.00E+12,1.00E+11,40000,10000,20210323_1853,XB01_DATA,0,0,0,0,0,0,0,0,20162,7764,57,19658735.1,990.7915111,34920,103,-1,-1,Default pincer speed
1201,60,3.00E+12,1.00E+11,40000,10000,20210323_1854,A05_6088570,0,0,0,0,0,0,0,0,28053,17580,0,14334539.95,1092.888627,158160,75,-1,-1,Default pincer speed
1201,60,3.00E+12,1.00E+11,40000,10000,20210323_1854,XB03_DATA,0,0,0,0,0,0,0,0,18113,8444,103,25242234.35,1083.935821,32580,110,-1,-1,Default pincer speed
1201,60,3.00E+12,1.00E+11,40000,10000,20210323_1855,A10_6088590,0,0,0,0,0,0,0,0,26859,14135,0,16958806.65,1143.010868,158160,75,-1,-1,Default pincer speed
1201,60,3.00E+12,1.00E+11,40000,10000,20210323_1855,XA04_DATA,0,0,0,0,0,0,0,0,24595,15008,46,19906140.85,1153.863627,144420,97,-1,-1,Default pincer speed
1201,60,3.00E+12,1.00E+11,40000,10000,20210323_1856,XA02_DATA,0,0,0,0,0,0,0,0,26019,17705,46,16332129.95,1159.623053,144420,97,-1,-1,Default pincer speed
1201,60,3.00E+12,1.00E+11,40000,10000,20210323_1856,B_04,0,0,0,0,0,0,0,0,18802,8438,0,19179376.65,1175.062877,35760,116,-1,-1,Default pincer speed
1201,60,3.00E+12,1.00E+11,40000,10000,20210323_1856,B_09,0,0,0,0,0,0,0,0,18363,7909,0,22878868.35,1208.110838,35760,116,-1,-1,Default pincer speed
1201,60,3.00E+12,1.00E+11,40000,10000,20210323_1859,B_02,0,0,0,0,0,0,0,0,21763,13055,60,36230141.9,1391.015615,34380,204,-1,-1,Default pincer speed
1201,60,3.00E+12,1.00E+11,40000,10000,20210323_1859,B_07,0,0,0,0,0,0,0,0,18786,12344,60,43645181.4,1392.670773,34380,204,-1,-1,Default pincer speed
1201,60,3.00E+12,1.00E+11,40000,10000,20210323_1906,XB02_DATA,0,0,0,0,0,0,0,0,16649,35675,45,94712015.4,1779.435609,93300,398,-1,-1,Default pincer speed
1201,60,3.00E+12,1.00E+11,40000,10000,20210323_1907,B_10,0,0,0,0,0,0,0,0,19720,34955,0,117161804.9,1852.855197,96540,405,-1,-1,Default pincer speed
1201,60,3.00E+12,1.00E+11,40000,10000,20210323_1907,B_05,0,0,0,0,0,0,0,0,17764,34733,0,94607386.9,1870.80654,96540,405,-1,-1,Default pincer speed
1201,60,3.00E+12,1.00E+11,40000,10000,20210323_1912,XB04_DATA,0,0,0,0,0,0,0,0,19813,36720,45,117450913.9,2167.222456,90360,400,-1,-1,Default pincer speed
1261,60,3.00E+12,1.00E+11,40000,10000,20210323_1909,A02_6088570,0,0,0,0,0,0,0,0,5547,0,0,204762.3,21.14066195,1260,0,-1,-1,Default pincer speed
1261,60,3.00E+12,1.00E+11,40000,10000,20210323_1909,XA01_DATA,0,0,0,0,0,0,0,0,4719,178,0,1368313,24.41190553,1500,8,-1,-1,Default pincer speed
1261,60,3.00E+12,1.00E+11,40000,10000,20210323_1909,A03_6088570,0,0,0,0,0,0,0,0,4719,88,0,868443.25,26.8640871,1500,3,-1,-1,Default pincer speed
1261,60,3.00E+12,1.00E+11,40000,10000,20210323_1909,A07_6088590,0,0,0,0,0,0,0,0,4797,0,0,213290.75,28.97424483,1260,0,-1,-1,Default pincer speed
1261,60,3.00E+12,1.00E+11,40000,10000,20210323_1909,A08_6088590,0,0,0,0,0,0,0,0,5482,90,0,1156623.45,29.86230683,1500,3,-1,-1,Default pincer speed
1261,60,3.00E+12,1.00E+11,40000,10000,20210323_1909,XA03_DATA,0,0,0,0,0,0,0,0,5482,403,0,1877251.15,30.78033137,1500,8,-1,-1,Default pincer speed
1261,60,3.00E+12,1.00E+11,40000,10000,20210323_1909,A01_6088570,0,0,0,0,0,0,0,0,5281,0,0,31352.85,40.3300817,2580,0,-1,-1,Default pincer speed
1261,60,3.00E+12,1.00E+11,40000,10000,20210323_1909,A06_6088590,0,0,0,0,0,0,0,0,3877,0,0,35965.75,47.31080008,2580,0,-1,-1,Default pincer speed
1261,60,3.00E+12,1.00E+11,40000,10000,20210323_1911,A04_6088570,0,0,0,0,0,0,0,0,10963,354,0,449950.65,181.6868129,24180,1,-1,-1,Default pincer speed
1261,60,3.00E+12,1.00E+11,40000,10000,20210323_1912,A09_6088590,0,0,0,0,0,0,0,0,9365,265,0,517139.8,193.1952007,24180,1,-1,-1,Default pincer speed
1261,60,3.00E+12,1.00E+11,40000,10000,20210323_1914,X02_DATA,0,0,0,0,0,0,0,0,0,673,45,1901354.9,354.1623836,0,8,-1,-1,Default pincer speed
1261,60,3.00E+12,1.00E+11,40000,10000,20210323_1915,X04_DATA,0,0,0,0,0,0,0,0,0,807,0,2610245.1,419.7399247,0,1,-1,-1,Default pincer speed
1261,60,3.00E+12,1.00E+11,40000,10000,20210323_1916,X01_DATA,0,0,0,0,0,0,0,0,14865,673,45,2487653.9,453.7634535,42240,8,-1,-1,Default pincer speed
1261,60,3.00E+12,1.00E+11,40000,10000,20210323_1922,XB01_DATA,0,0,0,0,0,0,0,0,20247,7629,57,19623055.2,826.8818767,35280,103,-1,-1,Default pincer speed
1261,60,3.00E+12,1.00E+11,40000,10000,20210323_1922,B_01,0,0,0,0,0,0,0,0,18973,7718,0,17792420.85,831.1042335,35400,101,-1,-1,Default pincer speed
1261,60,3.00E+12,1.00E+11,40000,10000,20210323_1923,B_08,0,0,0,0,0,0,0,0,17603,7370,0,21606507.25,870.6692877,32340,102,-1,-1,Default pincer speed
1261,60,3.00E+12,1.00E+11,40000,10000,20210323_1923,XB03_DATA,0,0,0,0,0,0,0,0,18708,7593,103,24704771.65,872.0023866,35040,106,-1,-1,Default pincer speed
1261,60,3.00E+12,1.00E+11,40000,10000,20210323_1925,A10_6088590,0,0,0,0,0,0,0,0,24831,15810,0,17638415.25,972.8513234,166140,73,-1,-1,Default pincer speed
1261,60,3.00E+12,1.00E+11,40000,10000,20210323_1924,B_03,0,0,0,0,0,0,0,0,19058,7493,0,18392901.6,932.2497444,32340,102,-1,-1,Default pincer speed
1261,60,3.00E+12,1.00E+11,40000,10000,20210323_1924,B_06,0,0,0,0,0,0,0,0,17518,7417,0,20797398.95,930.1465452,35400,101,-1,-1,Default pincer speed
1261,60,3.00E+12,1.00E+11,40000,10000,20210323_1925,XA04_DATA,0,0,0,0,0,0,0,0,24515,15367,46,19644275.25,1012.00872,155280,92,-1,-1,Default pincer speed
1261,60,3.00E+12,1.00E+11,40000,10000,20210323_1920,X03_DATA,0,0,0,0,0,0,0,0,19537,1616,0,5524584.2,712.727838,56340,9,-1,-1,Default pincer speed
1261,60,3.00E+12,1.00E+11,40000,10000,20210323_1926,A05_6088570,0,0,0,0,0,0,0,0,25419,20086,0,14512604.5,1035.708113,166140,73,-1,-1,Default pincer speed
1261,60,3.00E+12,1.00E+11,40000,10000,20210323_1926,XA02_DATA,0,0,0,0,0,0,0,0,24001,18462,46,16429396.25,1032.18681,155280,92,-1,-1,Default pincer speed
1261,60,3.00E+12,1.00E+11,40000,10000,20210323_1926,B_04,0,0,0,0,0,0,0,0,18802,8438,0,19179376.65,1037.640213,35760,116,-1,-1,Default pincer speed
1261,60,3.00E+12,1.00E+11,40000,10000,20210323_1926,B_09,0,0,0,0,0,0,0,0,18363,7909,0,22878868.35,1054.474499,35760,116,-1,-1,Default pincer speed
1261,60,3.00E+12,1.00E+11,40000,10000,20210323_1930,B_07,0,0,0,0,0,0,0,0,18701,12344,60,43628594.8,1315.923079,34140,204,-1,-1,Default pincer speed
1261,60,3.00E+12,1.00E+11,40000,10000,20210323_1931,B_02,0,0,0,0,0,0,0,0,21508,13055,60,36209065.5,1323.088611,34140,204,-1,-1,Default pincer speed
1261,60,3.00E+12,1.00E+11,40000,10000,20210323_1943,B_05,0,0,0,0,0,0,0,0,18758,36145,0,93513837,2061.653415,119580,352,-1,-1,Default pincer speed
1261,60,3.00E+12,1.00E+11,40000,10000,20210323_1943,B_10,0,0,0,0,0,0,0,0,21638,37354,0,116036938.6,2084.941137,119580,352,-1,-1,Default pincer speed
1261,60,3.00E+12,1.00E+11,40000,10000,20210323_1944,XB04_DATA,0,0,0,0,0,0,0,0,21816,38343,45,117270823.5,2101.72538,109200,372,-1,-1,Default pincer speed
1261,60,3.00E+12,1.00E+11,40000,10000,20210323_1944,XB02_DATA,0,0,0,0,0,0,0,0,19098,36272,45,92545680,2124.550098,115920,367,-1,-1,Default pincer speed
1261,60,3.00E+12,2.00E+11,40000,20000,20210323_2011,A03_6088570,0,0,0,0,0,0,0,0,4719,88,0,868443.25,19.98198795,1500,3,-1,-1,Faster pincer
1261,60,3.00E+12,2.00E+11,40000,20000,20210323_2011,A02_6088570,0,0,0,0,0,0,0,0,5547,0,0,204762.3,21.08606696,1260,0,-1,-1,Faster pincer
1261,60,3.00E+12,2.00E+11,40000,20000,20210323_2011,A07_6088590,0,0,0,0,0,0,0,0,4797,0,0,213290.75,20.96806026,1260,0,-1,-1,Faster pincer
1261,60,3.00E+12,2.00E+11,40000,20000,20210323_2011,XA01_DATA,0,0,0,0,0,0,0,0,4719,178,0,1368313,20.31601095,1500,8,-1,-1,Faster pincer
1261,60,3.00E+12,2.00E+11,40000,20000,20210323_2011,XA03_DATA,0,0,0,0,0,0,0,0,5482,403,0,1877251.15,21.6411097,1500,8,-1,-1,Faster pincer
1261,60,3.00E+12,2.00E+11,40000,20000,20210323_2011,A08_6088590,0,0,0,0,0,0,0,0,5482,90,0,1156623.45,24.00728202,1500,3,-1,-1,Faster pincer
1261,60,3.00E+12,2.00E+11,40000,20000,20210323_2011,A06_6088590,0,0,0,0,0,0,0,0,3877,0,0,35965.75,33.1879611,2580,0,-1,-1,Faster pincer
1261,60,3.00E+12,2.00E+11,40000,20000,20210323_2011,A01_6088570,0,0,0,0,0,0,0,0,5281,0,0,31352.85,33.51598835,2580,0,-1,-1,Faster pincer
1261,60,3.00E+12,2.00E+11,40000,20000,20210323_2013,A09_6088590,0,0,0,0,0,0,0,0,9365,265,0,517139.8,149.001864,24180,1,-1,-1,Faster pincer
1261,60,3.00E+12,2.00E+11,40000,20000,20210323_2013,A04_6088570,0,0,0,0,0,0,0,0,10963,354,0,449950.65,152.7421424,24180,1,-1,-1,Faster pincer
1261,60,3.00E+12,2.00E+11,40000,20000,20210323_2016,X02_DATA,0,0,0,0,0,0,0,0,0,673,45,1901354.9,345.2151957,0,8,-1,-1,Faster pincer
1261,60,3.00E+12,2.00E+11,40000,20000,20210323_2019,X04_DATA,0,0,0,0,0,0,0,0,0,807,0,2610245.1,507.4780676,0,1,-1,-1,Faster pincer
1261,60,3.00E+12,2.00E+11,40000,20000,20210323_2018,X01_DATA,0,0,0,0,0,0,0,0,14865,673,45,2487653.9,479.3804302,42240,8,-1,-1,Faster pincer
1261,60,3.00E+12,2.00E+11,40000,20000,20210323_2023,B_06,0,0,0,0,0,0,0,0,17518,7417,0,20797398.95,768.2958047,35400,101,-1,-1,Faster pincer
1261,60,3.00E+12,2.00E+11,40000,20000,20210323_2023,XB03_DATA,0,0,0,0,0,0,0,0,18708,7593,103,24704771.65,761.9143283,35040,106,-1,-1,Faster pincer
1261,60,3.00E+12,2.00E+11,40000,20000,20210323_2024,B_04,0,0,0,0,0,0,0,0,21437,8520,0,19552746.85,851.34936,44460,120,-1,-1,Faster pincer
1261,60,3.00E+12,2.00E+11,40000,20000,20210323_2025,B_09,0,0,0,0,0,0,0,0,20403,8042,0,23205680.35,867.8725848,44460,120,-1,-1,Faster pincer
1261,60,3.00E+12,2.00E+11,40000,20000,20210323_2025,B_01,0,0,0,0,0,0,0,0,18973,7718,0,17792420.85,890.8832865,35400,101,-1,-1,Faster pincer
1261,60,3.00E+12,2.00E+11,40000,20000,20210323_2025,XB01_DATA,0,0,0,0,0,0,0,0,20247,7629,57,19623055.2,884.7938347,35280,103,-1,-1,Faster pincer
1261,60,3.00E+12,2.00E+11,40000,20000,20210323_2025,B_03,0,0,0,0,0,0,0,0,19058,7493,0,18392901.6,907.2150044,32340,102,-1,-1,Faster pincer
1261,60,3.00E+12,2.00E+11,40000,20000,20210323_2025,B_08,0,0,0,0,0,0,0,0,17603,7370,0,21606507.25,889.9342158,32340,102,-1,-1,Faster pincer
1261,60,3.00E+12,2.00E+11,40000,20000,20210323_2026,XA04_DATA,0,0,0,0,0,0,0,0,24515,15367,46,19644275.25,954.5064821,155280,92,-1,-1,Faster pincer
1261,60,3.00E+12,2.00E+11,40000,20000,20210323_2027,XA02_DATA,0,0,0,0,0,0,0,0,24001,18462,46,16429396.25,979.7093716,155280,92,-1,-1,Faster pincer
1261,60,3.00E+12,2.00E+11,40000,20000,20210323_2022,X03_DATA,0,0,0,0,0,0,0,0,19537,1616,0,5524584.2,685.1633222,56340,9,-1,-1,Faster pincer
1261,60,3.00E+12,2.00E+11,40000,20000,20210323_2027,A10_6088590,0,0,0,0,0,0,0,0,25518,15143,0,17731820.55,1011.980251,164640,70,-1,-1,Faster pincer
1261,60,3.00E+12,2.00E+11,40000,20000,20210323_2027,A05_6088570,0,0,0,0,0,0,0,0,26607,18467,0,14513725.4,1024.354698,164640,70,-1,-1,Faster pincer
1261,60,3.00E+12,2.00E+11,40000,20000,20210323_2032,B_07,0,0,0,0,0,0,0,0,18701,12344,60,43628594.8,1282.950536,34140,204,-1,-1,Faster pincer
1261,60,3.00E+12,2.00E+11,40000,20000,20210323_2032,B_02,0,0,0,0,0,0,0,0,21508,13055,60,36209065.5,1284.463794,34140,204,-1,-1,Faster pincer
1261,60,3.00E+12,2.00E+11,40000,20000,20210323_2042,XB04_DATA,0,0,0,0,0,0,0,0,20987,37149,45,115883357.6,1928.651671,121920,371,-1,-1,Faster pincer
1261,60,3.00E+12,2.00E+11,40000,20000,20210323_2043,B_05,0,0,0,0,0,0,0,0,20894,36046,0,93750033.6,1937.785345,121980,369,-1,-1,Faster pincer
1261,60,3.00E+12,2.00E+11,40000,20000,20210323_2043,XB02_DATA,0,0,0,0,0,0,0,0,20130,36544,45,94125916,1963.662173,112560,373,-1,-1,Faster pincer
1261,60,3.00E+12,2.00E+11,40000,20000,20210323_2043,B_10,0,0,0,0,0,0,0,0,23782,36801,0,116236465.4,1987.836524,121980,369,-1,-1,Faster pincer
1021,60,3.00E+12,2.00E+11,40000,20000,20210325_0053,A02_6088570,0,0,0,0,0,0,0,0,5547,0,0,204762.3,20.87127113,1260,0,-1,-1,Faster pincer
1021,60,3.00E+12,2.00E+11,40000,20000,20210325_0053,A03_6088570,0,0,0,0,0,0,0,0,4719,88,0,868443.25,24.36552954,1500,3,-1,-1,Faster pincer
1021,60,3.00E+12,2.00E+11,40000,20000,20210325_0053,A07_6088590,0,0,0,0,0,0,0,0,4797,0,0,213290.75,25.2931602,1260,0,-1,-1,Faster pincer
1021,60,3.00E+12,2.00E+11,40000,20000,20210325_0053,A01_6088570,0,0,0,0,0,0,0,0,5281,0,0,31352.85,31.89920163,2580,0,-1,-1,Faster pincer
1021,60,3.00E+12,2.00E+11,40000,20000,20210325_0053,XA01_DATA,0,0,0,0,0,0,0,0,4719,178,0,1368313,23.41401625,1500,8,-1,-1,Faster pincer
1021,60,3.00E+12,2.00E+11,40000,20000,20210325_0053,A08_6088590,0,0,0,0,0,0,0,0,5482,90,0,1156623.45,24.68462372,1500,3,-1,-1,Faster pincer
1021,60,3.00E+12,2.00E+11,40000,20000,20210325_0053,XA03_DATA,0,0,0,0,0,0,0,0,5482,403,0,1877251.15,25.05370831,1500,8,-1,-1,Faster pincer
1021,60,3.00E+12,2.00E+11,40000,20000,20210325_0053,A06_6088590,0,0,0,0,0,0,0,0,3877,0,0,35965.75,36.76734471,2580,0,-1,-1,Faster pincer
1021,60,3.00E+12,2.00E+11,40000,20000,20210325_0055,A04_6088570,0,0,0,0,0,0,0,0,10963,354,0,449950.65,146.9209723,24180,1,-1,-1,Faster pincer
1021,60,3.00E+12,2.00E+11,40000,20000,20210325_0055,A09_6088590,0,0,0,0,0,0,0,0,9365,265,0,517139.8,145.8258908,24180,1,-1,-1,Faster pincer
1021,60,3.00E+12,2.00E+11,40000,20000,20210325_0059,X02_DATA,0,0,0,0,0,0,0,0,0,673,45,1901354.9,404.4328556,0,8,-1,-1,Faster pincer
1021,60,3.00E+12,2.00E+11,40000,20000,20210325_0107,B_01,0,0,0,0,0,0,0,0,14133,5690,0,16950786.4,863.8803153,15780,99,-1,-1,Faster pincer
1021,60,3.00E+12,2.00E+11,40000,20000,20210325_0100,X04_DATA,0,0,0,0,0,0,0,0,0,807,0,2610245.1,475.4492414,0,1,-1,-1,Faster pincer
1021,60,3.00E+12,2.00E+11,40000,20000,20210325_0106,B_06,0,0,0,0,0,0,0,0,13618,5339,0,20483524.85,847.8055139,15780,99,-1,-1,Faster pincer
1021,60,3.00E+12,2.00E+11,40000,20000,20210325_0102,X01_DATA,0,0,0,0,0,0,0,0,14865,673,45,2480018.9,554.0661421,42240,8,-1,-1,Faster pincer
1021,60,3.00E+12,2.00E+11,40000,20000,20210325_0108,XB01_DATA,0,0,0,0,0,0,0,0,18637,6727,57,19519934.2,944.0010059,27540,103,-1,-1,Faster pincer
1021,60,3.00E+12,2.00E+11,40000,20000,20210325_0104,X03_DATA,0,0,0,0,0,0,0,0,19962,1616,0,5525406.2,685.5332289,56460,9,-1,-1,Faster pincer
1021,60,3.00E+12,2.00E+11,40000,20000,20210325_0109,B_03,0,0,0,0,0,0,0,0,16428,6095,0,17340949.1,1027.75136,21600,97,-1,-1,Faster pincer
1021,60,3.00E+12,2.00E+11,40000,20000,20210325_0109,B_08,0,0,0,0,0,0,0,0,14723,5608,0,20731255.05,1018.68504,21600,97,-1,-1,Faster pincer
1021,60,3.00E+12,2.00E+11,40000,20000,20210325_0110,XB03_DATA,0,0,0,0,0,0,0,0,16253,7226,46,25261783.95,1085.443135,26580,108,-1,-1,Faster pincer
1021,60,3.00E+12,2.00E+11,40000,20000,20210325_0114,A10_6088590,0,0,0,0,0,0,0,0,24412,13621,0,20023473.9,1278.664061,125580,97,-1,-1,Faster pincer
1021,60,3.00E+12,2.00E+11,40000,20000,20210325_0114,XA04_DATA,0,0,0,0,0,0,0,0,21956,14299,46,22336671.6,1276.309886,118080,112,-1,-1,Faster pincer
1021,60,3.00E+12,2.00E+11,40000,20000,20210325_0113,B_04,0,0,0,0,0,0,0,0,21443,8386,0,20012040.85,1247.459388,34380,123,-1,-1,Faster pincer
1021,60,3.00E+12,2.00E+11,40000,20000,20210325_0114,XA02_DATA,0,0,0,0,0,0,0,0,22048,19222,46,19191403.4,1289.947401,118080,112,-1,-1,Faster pincer
1021,60,3.00E+12,2.00E+11,40000,20000,20210325_0114,A05_6088570,0,0,0,0,0,0,0,0,25262,16752,0,16701229.1,1304.081447,125580,97,-1,-1,Faster pincer
1021,60,3.00E+12,2.00E+11,40000,20000,20210325_0114,B_09,0,0,0,0,0,0,0,0,18291,8531,0,24256994.25,1286.962137,34380,123,-1,-1,Faster pincer
1021,60,3.00E+12,2.00E+11,40000,20000,20210325_0114,B_02,0,0,0,0,0,0,0,0,21933,12103,60,36677402.4,1327.514082,29040,208,-1,-1,Faster pincer
1021,60,3.00E+12,2.00E+11,40000,20000,20210325_0115,B_07,0,0,0,0,0,0,0,0,18871,11706,60,44735968.8,1330.353291,29040,208,-1,-1,Faster pincer
1021,60,3.00E+12,2.00E+11,40000,20000,20210325_0118,B_10,0,0,0,0,0,0,0,0,13035,33859,0,118181318.9,1518.22073,59100,376,-1,-1,Faster pincer
1021,60,3.00E+12,2.00E+11,40000,20000,20210325_0118,B_05,0,0,0,0,0,0,0,0,11336,34088,0,94871755.1,1549.948544,59100,376,-1,-1,Faster pincer
1021,60,3.00E+12,2.00E+11,40000,20000,20210325_0118,XB02_DATA,0,0,0,0,0,0,0,0,11081,34400,45,94850534.2,1561.924296,53100,386,-1,-1,Faster pincer
1021,60,3.00E+12,2.00E+11,40000,20000,20210325_0119,XB04_DATA,0,0,0,0,0,0,0,0,13035,35337,45,119926627.7,1570.093486,58560,402,-1,-1,Faster pincer
1081,60,3.00E+12,2.00E+11,40000,20000,20210325_1411,A02_6088570,0,0,0,0,0,0,0,0,5547,0,0,204762.3,22.18008804,1260,0,-1,-1,Faster pincer
1081,60,3.00E+12,2.00E+11,40000,20000,20210325_1411,A07_6088590,0,0,0,0,0,0,0,0,4797,0,0,213290.75,22.69757009,1260,0,-1,-1,Faster pincer
1081,60,3.00E+12,2.00E+11,40000,20000,20210325_1411,A03_6088570,0,0,0,0,0,0,0,0,4719,88,0,868443.25,21.62397838,1500,3,-1,-1,Faster pincer
1081,60,3.00E+12,2.00E+11,40000,20000,20210325_1411,XA03_DATA,0,0,0,0,0,0,0,0,5482,403,0,1877251.15,21.42396379,1500,8,-1,-1,Faster pincer
1081,60,3.00E+12,2.00E+11,40000,20000,20210325_1411,A08_6088590,0,0,0,0,0,0,0,0,5482,90,0,1156623.45,23.6011281,1500,3,-1,-1,Faster pincer
1081,60,3.00E+12,2.00E+11,40000,20000,20210325_1411,XA01_DATA,0,0,0,0,0,0,0,0,4719,178,0,1368313,22.85507178,1500,8,-1,-1,Faster pincer
1081,60,3.00E+12,2.00E+11,40000,20000,20210325_1411,A06_6088590,0,0,0,0,0,0,0,0,3877,0,0,35965.75,38.1790092,2580,0,-1,-1,Faster pincer
1081,60,3.00E+12,2.00E+11,40000,20000,20210325_1411,A01_6088570,0,0,0,0,0,0,0,0,5281,0,0,31352.85,40.33668303,2580,0,-1,-1,Faster pincer
1081,60,3.00E+12,2.00E+11,40000,20000,20210325_1413,A04_6088570,0,0,0,0,0,0,0,0,10963,354,0,449950.65,155.9752433,24180,1,-1,-1,Faster pincer
1081,60,3.00E+12,2.00E+11,40000,20000,20210325_1413,A09_6088590,0,0,0,0,0,0,0,0,9365,265,0,517139.8,157.3635688,24180,1,-1,-1,Faster pincer
1081,60,3.00E+12,2.00E+11,40000,20000,20210325_1417,X02_DATA,0,0,0,0,0,0,0,0,0,673,45,1901354.9,434.4977598,0,8,-1,-1,Faster pincer
1081,60,3.00E+12,2.00E+11,40000,20000,20210325_1425,B_03,0,0,0,0,0,0,0,0,20417,8022,0,18481652.1,894.6159213,35040,101,-1,-1,Faster pincer
1081,60,3.00E+12,2.00E+11,40000,20000,20210325_1420,X01_DATA,0,0,0,0,0,0,0,0,14865,673,45,2487521.9,605.5159571,42240,8,-1,-1,Faster pincer
1081,60,3.00E+12,2.00E+11,40000,20000,20210325_1419,X04_DATA,0,0,0,0,0,0,0,0,0,807,0,2610245.1,497.1277242,0,1,-1,-1,Faster pincer
1081,60,3.00E+12,2.00E+11,40000,20000,20210325_1425,B_01,0,0,0,0,0,0,0,0,17188,7080,0,17224058.55,909.7939389,26520,95,-1,-1,Faster pincer
1081,60,3.00E+12,2.00E+11,40000,20000,20210325_1426,B_08,0,0,0,0,0,0,0,0,17943,7445,0,21477335.65,926.5102944,35040,101,-1,-1,Faster pincer
1081,60,3.00E+12,2.00E+11,40000,20000,20210325_1427,XB01_DATA,0,0,0,0,0,0,0,0,20502,7803,57,19620643.6,1017.917771,32220,103,-1,-1,Faster pincer
1081,60,3.00E+12,2.00E+11,40000,20000,20210325_1422,X03_DATA,0,0,0,0,0,0,0,0,19537,1616,0,5508849.2,698.128437,56340,9,-1,-1,Faster pincer
1081,60,3.00E+12,2.00E+11,40000,20000,20210325_1428,B_06,0,0,0,0,0,0,0,0,15903,6594,0,20117658.25,1055.776738,26520,95,-1,-1,Faster pincer
1081,60,3.00E+12,2.00E+11,40000,20000,20210325_1429,XA02_DATA,0,0,0,0,0,0,0,0,24261,17425,46,16909967.35,1130.891786,125820,102,-1,-1,Faster pincer
1081,60,3.00E+12,2.00E+11,40000,20000,20210325_1429,XA04_DATA,0,0,0,0,0,0,0,0,23572,12891,46,19804851.85,1155.085222,125820,102,-1,-1,Faster pincer
1081,60,3.00E+12,2.00E+11,40000,20000,20210325_1430,A05_6088570,0,0,0,0,0,0,0,0,25955,15421,0,14410069.65,1198.086913,142920,83,-1,-1,Faster pincer
1081,60,3.00E+12,2.00E+11,40000,20000,20210325_1430,B_09,0,0,0,0,0,0,0,0,18618,9021,0,24004523.85,1195.493125,38160,121,-1,-1,Faster pincer
1081,60,3.00E+12,2.00E+11,40000,20000,20210325_1430,B_04,0,0,0,0,0,0,0,0,20332,8830,0,20074175.65,1198.389935,38160,121,-1,-1,Faster pincer
1081,60,3.00E+12,2.00E+11,40000,20000,20210325_1431,A10_6088590,0,0,0,0,0,0,0,0,26785,10988,0,17203592.25,1234.478327,142920,83,-1,-1,Faster pincer
1081,60,3.00E+12,2.00E+11,40000,20000,20210325_1431,XB03_DATA,0,0,0,0,0,0,0,0,17263,8036,103,24868027.65,1234.795823,30600,107,-1,-1,Faster pincer
1081,60,3.00E+12,2.00E+11,40000,20000,20210325_1433,B_07,0,0,0,0,0,0,0,0,18871,11438,60,44139021.2,1391.415703,30120,206,-1,-1,Faster pincer
1081,60,3.00E+12,2.00E+11,40000,20000,20210325_1434,B_02,0,0,0,0,0,0,0,0,22188,11926,60,36252714.5,1436.547561,30120,206,-1,-1,Faster pincer
1081,60,3.00E+12,2.00E+11,40000,20000,20210325_1441,XB04_DATA,0,0,0,0,0,0,0,0,18200,35874,45,118594208.8,1842.463888,87540,403,-1,-1,Faster pincer
1081,60,3.00E+12,2.00E+11,40000,20000,20210325_1441,B_05,0,0,0,0,0,0,0,0,15477,33958,0,94705784.8,1853.153673,80340,355,-1,-1,Faster pincer
1081,60,3.00E+12,2.00E+11,40000,20000,20210325_1442,B_10,0,0,0,0,0,0,0,0,17774,35118,0,118173999.6,1893.7565,80340,355,-1,-1,Faster pincer
1081,60,3.00E+12,2.00E+11,40000,20000,20210325_1442,XB02_DATA,0,0,0,0,0,0,0,0,14457,34227,45,95180946.4,1915.822423,70260,365,-1,-1,Faster pincer
1141,60,3.00E+12,2.00E+11,40000,20000,20210325_1546,A07_6088590,0,0,0,0,0,0,0,0,4797,0,0,213290.75,17.90187025,1260,0,-1,-1,Faster pincer
1141,60,3.00E+12,2.00E+11,40000,20000,20210325_1546,A02_6088570,0,0,0,0,0,0,0,0,5547,0,0,204762.3,17.90386987,1260,0,-1,-1,Faster pincer
1141,60,3.00E+12,2.00E+11,40000,20000,20210325_1546,XA01_DATA,0,0,0,0,0,0,0,0,4719,178,0,1368313,22.39492607,1500,8,-1,-1,Faster pincer
1141,60,3.00E+12,2.00E+11,40000,20000,20210325_1546,A03_6088570,0,0,0,0,0,0,0,0,4719,88,0,868443.25,19.60199308,1500,3,-1,-1,Faster pincer
1141,60,3.00E+12,2.00E+11,40000,20000,20210325_1546,A08_6088590,0,0,0,0,0,0,0,0,5482,90,0,1156623.45,22.33829498,1500,3,-1,-1,Faster pincer
1141,60,3.00E+12,2.00E+11,40000,20000,20210325_1546,A01_6088570,0,0,0,0,0,0,0,0,5281,0,0,31352.85,29.73643041,2580,0,-1,-1,Faster pincer
1141,60,3.00E+12,2.00E+11,40000,20000,20210325_1546,XA03_DATA,0,0,0,0,0,0,0,0,5482,403,0,1877251.15,21.56570625,1500,8,-1,-1,Faster pincer
1141,60,3.00E+12,2.00E+11,40000,20000,20210325_1546,A06_6088590,0,0,0,0,0,0,0,0,3877,0,0,35965.75,38.98056149,2580,0,-1,-1,Faster pincer
1141,60,3.00E+12,2.00E+11,40000,20000,20210325_1548,A09_6088590,0,0,0,0,0,0,0,0,9365,265,0,517139.8,157.6627421,24180,1,-1,-1,Faster pincer
1141,60,3.00E+12,2.00E+11,40000,20000,20210325_1548,A04_6088570,0,0,0,0,0,0,0,0,10963,354,0,449950.65,160.7957463,24180,1,-1,-1,Faster pincer
1141,60,3.00E+12,2.00E+11,40000,20000,20210325_1559,B_08,0,0,0,0,0,0,0,0,17943,7445,0,21477335.65,812.702419,35040,101,-1,-1,Faster pincer
1141,60,3.00E+12,2.00E+11,40000,20000,20210325_1559,B_03,0,0,0,0,0,0,0,0,20417,8022,0,18481652.1,778.8424296,35040,101,-1,-1,Faster pincer
1141,60,3.00E+12,2.00E+11,40000,20000,20210325_1556,X01_DATA,0,0,0,0,0,0,0,0,14865,673,45,2487521.9,621.9884887,42240,8,-1,-1,Faster pincer
1141,60,3.00E+12,2.00E+11,40000,20000,20210325_1601,B_04,0,0,0,0,0,0,0,0,21352,8248,0,19118226.45,940.3146412,38880,117,-1,-1,Faster pincer
1141,60,3.00E+12,2.00E+11,40000,20000,20210325_1554,X02_DATA,0,0,0,0,0,0,0,0,0,673,45,1901354.9,488.9346101,0,8,-1,-1,Faster pincer
1141,60,3.00E+12,2.00E+11,40000,20000,20210325_1601,B_09,0,0,0,0,0,0,0,0,19808,7948,0,22735433.05,936.0814214,38880,117,-1,-1,Faster pincer
1141,60,3.00E+12,2.00E+11,40000,20000,20210325_1556,X04_DATA,0,0,0,0,0,0,0,0,0,807,0,2610245.1,622.9747865,0,1,-1,-1,Faster pincer
1141,60,3.00E+12,2.00E+11,40000,20000,20210325_1602,XB03_DATA,0,0,0,0,0,0,0,0,18623,7811,103,24805727.95,988.4643989,31980,106,-1,-1,Faster pincer
1141,60,3.00E+12,2.00E+11,40000,20000,20210325_1603,B_06,0,0,0,0,0,0,0,0,15478,6727,0,20364125.85,1036.672314,23940,96,-1,-1,Faster pincer
1141,60,3.00E+12,2.00E+11,40000,20000,20210325_1603,XB01_DATA,0,0,0,0,0,0,0,0,20502,7803,57,19620643.6,1014.107038,32220,103,-1,-1,Faster pincer
1141,60,3.00E+12,2.00E+11,40000,20000,20210325_1558,X03_DATA,0,0,0,0,0,0,0,0,19537,1755,0,5510748.2,721.2709732,56520,9,-1,-1,Faster pincer
1141,60,3.00E+12,2.00E+11,40000,20000,20210325_1604,B_01,0,0,0,0,0,0,0,0,16423,6943,0,17198544.95,1080.076766,23940,96,-1,-1,Faster pincer
1141,60,3.00E+12,2.00E+11,40000,20000,20210325_1607,XA04_DATA,0,0,0,0,0,0,0,0,27470,14754,46,19812981.35,1290.712086,140340,99,-1,-1,Faster pincer
1141,60,3.00E+12,2.00E+11,40000,20000,20210325_1608,A10_6088590,0,0,0,0,0,0,0,0,27546,12784,0,17774371.6,1327.119672,148260,77,-1,-1,Faster pincer
1141,60,3.00E+12,2.00E+11,40000,20000,20210325_1608,A05_6088570,0,0,0,0,0,0,0,0,28812,15879,0,14407840.85,1332.549075,148260,77,-1,-1,Faster pincer
1141,60,3.00E+12,2.00E+11,40000,20000,20210325_1608,XA02_DATA,0,0,0,0,0,0,0,0,28315,16774,46,15927573.35,1368.142656,140340,99,-1,-1,Faster pincer
1141,60,3.00E+12,2.00E+11,40000,20000,20210325_1609,B_07,0,0,0,0,0,0,0,0,18616,11887,60,43695034,1393.710338,32160,204,-1,-1,Faster pincer
1141,60,3.00E+12,2.00E+11,40000,20000,20210325_1610,B_02,0,0,0,0,0,0,0,0,21848,12508,60,36127713.4,1433.908282,32160,204,-1,-1,Faster pincer
1141,60,3.00E+12,2.00E+11,40000,20000,20210325_1614,XB02_DATA,0,0,0,0,0,0,0,0,17594,35317,45,94948358.5,1674.638571,80460,345,-1,-1,Faster pincer
1141,60,3.00E+12,2.00E+11,40000,20000,20210325_1614,B_10,0,0,0,0,0,0,0,0,21334,35362,0,116742661.5,1706.332503,87660,340,-1,-1,Faster pincer
1141,60,3.00E+12,2.00E+11,40000,20000,20210325_1614,B_05,0,0,0,0,0,0,0,0,17934,35139,0,94555880.6,1713.717758,87660,340,-1,-1,Faster pincer
1141,60,3.00E+12,2.00E+11,40000,20000,20210325_1615,XB04_DATA,0,0,0,0,0,0,0,0,20995,37245,45,118388690.2,1754.663561,86220,364,-1,-1,Faster pincer
1201,60,3.00E+12,2.00E+11,40000,20000,20210325_1814,A02_6088570,0,0,0,0,0,0,0,0,5547,0,0,204762.3,11.58144379,1260,0,-1,-1,Faster pincer
1201,60,3.00E+12,2.00E+11,40000,20000,20210325_1815,A03_6088570,0,0,0,0,0,0,0,0,4719,88,0,868443.25,23.29231024,1500,3,-1,-1,Faster pincer
1201,60,3.00E+12,2.00E+11,40000,20000,20210325_1815,A08_6088590,0,0,0,0,0,0,0,0,5482,90,0,1156623.45,23.78675747,1500,3,-1,-1,Faster pincer
1201,60,3.00E+12,2.00E+11,40000,20000,20210325_1815,XA01_DATA,0,0,0,0,0,0,0,0,4719,178,0,1368313,26.60496855,1500,8,-1,-1,Faster pincer
1201,60,3.00E+12,2.00E+11,40000,20000,20210325_1815,A07_6088590,0,0,0,0,0,0,0,0,4797,0,0,213290.75,24.16978812,1260,0,-1,-1,Faster pincer
1201,60,3.00E+12,2.00E+11,40000,20000,20210325_1815,XA03_DATA,0,0,0,0,0,0,0,0,5482,403,0,1877251.15,25.56689024,1500,8,-1,-1,Faster pincer
1201,60,3.00E+12,2.00E+11,40000,20000,20210325_1815,A06_6088590,0,0,0,0,0,0,0,0,3877,0,0,35965.75,32.56099534,2580,0,-1,-1,Faster pincer
1201,60,3.00E+12,2.00E+11,40000,20000,20210325_1815,A01_6088570,0,0,0,0,0,0,0,0,5281,0,0,31352.85,33.25104737,2580,0,-1,-1,Faster pincer
1201,60,3.00E+12,2.00E+11,40000,20000,20210325_1817,A04_6088570,0,0,0,0,0,0,0,0,10963,354,0,449950.65,145.1803265,24180,1,-1,-1,Faster pincer
1201,60,3.00E+12,2.00E+11,40000,20000,20210325_1817,A09_6088590,0,0,0,0,0,0,0,0,9365,265,0,517139.8,155.6285088,24180,1,-1,-1,Faster pincer
1201,60,3.00E+12,2.00E+11,40000,20000,20210325_1822,X02_DATA,0,0,0,0,0,0,0,0,0,673,45,1901354.9,468.4146619,0,8,-1,-1,Faster pincer
1201,60,3.00E+12,2.00E+11,40000,20000,20210325_1829,B_08,0,0,0,0,0,0,0,0,17603,7370,0,21606507.25,882.1771173,32340,102,-1,-1,Faster pincer
1201,60,3.00E+12,2.00E+11,40000,20000,20210325_1823,X04_DATA,0,0,0,0,0,0,0,0,0,807,0,2610245.1,537.7714307,0,1,-1,-1,Faster pincer
1201,60,3.00E+12,2.00E+11,40000,20000,20210325_1830,B_06,0,0,0,0,0,0,0,0,16243,6742,0,20693852.65,918.1198652,25260,101,-1,-1,Faster pincer
1201,60,3.00E+12,2.00E+11,40000,20000,20210325_1830,B_03,0,0,0,0,0,0,0,0,19058,7493,0,18392901.6,948.5611637,32340,102,-1,-1,Faster pincer
1201,60,3.00E+12,2.00E+11,40000,20000,20210325_1830,XB03_DATA,0,0,0,0,0,0,0,0,18198,7995,103,24936648.95,956.0248485,33780,106,-1,-1,Faster pincer
1201,60,3.00E+12,2.00E+11,40000,20000,20210325_1831,XB01_DATA,0,0,0,0,0,0,0,0,20162,7764,57,19658735.1,976.0333302,34920,103,-1,-1,Faster pincer
1201,60,3.00E+12,2.00E+11,40000,20000,20210325_1832,A05_6088570,0,0,0,0,0,0,0,0,29569,17181,0,14096419.65,1036.920424,159960,74,-1,-1,Faster pincer
1201,60,3.00E+12,2.00E+11,40000,20000,20210325_1824,X01_DATA,0,0,0,0,0,0,0,0,14865,673,45,2487653.9,595.3716969,42240,8,-1,-1,Faster pincer
1201,60,3.00E+12,2.00E+11,40000,20000,20210325_1832,B_01,0,0,0,0,0,0,0,0,17188,7404,0,17609047.45,1038.355527,25260,101,-1,-1,Faster pincer
1201,60,3.00E+12,2.00E+11,40000,20000,20210325_1832,XA04_DATA,0,0,0,0,0,0,0,0,26526,13574,46,19400436.05,1078.571918,148140,91,-1,-1,Faster pincer
1201,60,3.00E+12,2.00E+11,40000,20000,20210325_1833,A10_6088590,0,0,0,0,0,0,0,0,28289,13960,0,16756338.55,1089.27371,159960,74,-1,-1,Faster pincer
1201,60,3.00E+12,2.00E+11,40000,20000,20210325_1832,B_04,0,0,0,0,0,0,0,0,19907,8971,0,19863392.45,1057.31934,36120,121,-1,-1,Faster pincer
1201,60,3.00E+12,2.00E+11,40000,20000,20210325_1833,XA02_DATA,0,0,0,0,0,0,0,0,27950,16129,46,15869883.15,1109.281183,148140,91,-1,-1,Faster pincer
1201,60,3.00E+12,2.00E+11,40000,20000,20210325_1828,X03_DATA,0,0,0,0,0,0,0,0,19537,1848,0,5512299.2,844.8828111,56340,9,-1,-1,Faster pincer
1201,60,3.00E+12,2.00E+11,40000,20000,20210325_1833,B_09,0,0,0,0,0,0,0,0,18788,8356,0,23579083.85,1128.614617,36120,121,-1,-1,Faster pincer
1201,60,3.00E+12,2.00E+11,40000,20000,20210325_1837,B_02,0,0,0,0,0,0,0,0,21763,13055,60,36230141.9,1385.0388,34380,204,-1,-1,Faster pincer
1201,60,3.00E+12,2.00E+11,40000,20000,20210325_1838,B_07,0,0,0,0,0,0,0,0,18786,12344,60,43645181.4,1400.279929,34380,204,-1,-1,Faster pincer
1201,60,3.00E+12,2.00E+11,40000,20000,20210325_1841,XB04_DATA,0,0,0,0,0,0,0,0,20979,36936,45,118702152.5,1578.355088,89100,364,-1,-1,Faster pincer
1201,60,3.00E+12,2.00E+11,40000,20000,20210325_1845,B_10,0,0,0,0,0,0,0,0,22509,35105,0,116247563,1811.196971,100320,341,-1,-1,Faster pincer
1201,60,3.00E+12,2.00E+11,40000,20000,20210325_1845,B_05,0,0,0,0,0,0,0,0,18940,33847,0,94049275.5,1842.002247,100320,341,-1,-1,Faster pincer
1201,60,3.00E+12,2.00E+11,40000,20000,20210325_1845,XB02_DATA,0,0,0,0,0,0,0,0,18263,34111,45,94988116.8,1860.891646,103320,358,-1,-1,Faster pincer
